40
53
59
147
165
209
251
252
312
338
362
386
411
421
433
463
484
516
533
549
592
703
783
811
832
901
979
988
1041
1056
1117
1171
1247
1289
1326
1338
1405
1417
1426
1446
1466
1533
1743
1796
1836
1847
1878
1895
1901
1902
1920
1938
2009
2012
2051
2090
2126
2165
2189
2192
2203
2212
2259
2286
2287
2424
2427
2439
2456
2463
2464
2478
2494
2499
2503
2546
2554
2577
2605
2635
2636
2656
2657
2687
2758
2768
2808
2836
2837
2872
2905
2921
2982
3030
3085
3158
3171
3173
3197
3229
3297
3303
3355
3366
3388
3415
3467
3482
3507
3581
3585
3613
3635
3639
3649
3692
3748
3812
3856
3872
3886
3922
3932
3958
3987
4002
4004
4006
4054
4075
4086
4099
4106
4121
4132
4138
4153
4210
4245
4250
4284
4316
4429
4449
4451
4469
4489
4505
4513
4567
4616
4623
4627
4652
4706
4746
4768
4773
4853
4931
4945
4986
5030
5119
5138
5152
5171
5239
5267
5316
5318
5368
5502
5608
5653
5672
5714
5734
5846
5858
5870
5877
5880
5924
6123
6131
6132
6170
6174
6180
6202
6291
6323
6325
6352
6359
6394
6396
6435
6473
6516
6540
6546
6559
6579
6618
6681
6691
6726
6750
6757
6777
6831
6852
6900
6902
6904
6934
6991
7019
7088
7103
7149
7173
7202
7224
7238
7304
7306
7326
7398
7455
7489
7495
7520
7529
7553
7566
7598
7635
7641
7657
7681
7707
7762
7769
7816
7845
7868
7894
7909
8004
8025
8036
8182
8201
8239
8255
8260
8297
8312
8313
8315
8325
8356
8381
8405
8481
8483
8503
8505
8521
8538
8601
8614
8646
8681
8698
8713
8772
8781
8876
8907
8913
8929
8939
8968
8994
9030
9043
9107
9115
9118
9208
9241
9292
9302
9333
9393
9429
9458
9462
9523
9613
9619
9635
9667
9684
9689
9696
9707
9720
9728
9770
9772
9796
9826
9854
9867
9876
9891
9936
9984
9987
10003
10021
10042
10065
10068
10078
10147
10183
10204
10209
10243
10251
10270
10307
10336
10391
10427
10434
10443
10465
10518
10571
10593
10659
10686
10687
10689
10704
10756
10762
10805
10807
10815
10821
10824
10861
10902
10934
11018
11064
11066
11188
11259
11350
11373
11422
11440
11480
11508
11510
11511
11517
11564
11615
11652
11657
11692
11714
11735
11736
11737
11761
11763
11769
11782
11787
11807
11829
11838
11888
11910
11953
11988
12056
12086
12103
12221
12222
12228
12284
12298
12302
12312
12322
12343
12416
12422
12451
12495
12526
12527
12539
12577
12582
12609
12648
12658
12671
12676
12769
12789
12796
12817
12866
12933
12936
12939
12995
13016
13071
13123
13148
13177
13178
13199
13229
13235
13245
13255
13262
13290
13380
13423
13435
13441
13461
13468
13477
13525
13575
13581
13596
13608
13646
13652
13693
13755
14042
14055
14067
14108
14120
14275
14277
14306
14346
14350
14452
14465
14470
14483
14486
14543
14616
14629
14680
14695
14732
14812
14918
14933
14951
14986
15027
15066
15183
15195
15226
15285
15297
15337
15530
15562
15584
15667
15698
15713
15723
15743
15831
15832
15851
15967
16017
16074
16091
16130
16149
16216
16218
16264
16321
16354
16446
16458
16486
16491
16493
16510
16525
16543
16582
16583
16600
16622
16644
16678
16684
16714
16729
16736
16755
16758
16777
16848
16854
16917
16947
16948
16967
16983
17016
17073
17105
17127
17150
17156
17188
17197
17201
17247
17308
17321
17335
17361
17381
17425
17504
17615
17629
17730
17757
17914
18013
18038
18045
18073
18132
18166
18219
18260
18284
18291
18295
18336
18353
18359
18377
18404
18418
18425
18509
18533
18540
18562
18603
18604
18653
18687
18701
18706
18727
18795
18801
18834
18895
18920
18948
19008
19014
19019
19050
19064
19118
19168
19269
19278
19288
19296
19321
19332
19340
19342
19357
19362
19424
19522
19691
19708
19742
19826
19958
19978
19979
19988
19991
20067
20129
20135
20312
20346
20392
20408
20473
20483
20488
20565
20570
20572
20573
20590
20604
20621
20632
20668
20694
20717
20814
20947
20962
20987
20990
20992
20993
21011
21028
21045
21058
21068
21148
21166
21185
21217
21234
21435
21564
21598
21600
21614
21700
21729
21740
21745
21766
21779
21796
21831
21848
21907
21917
22019
22035
22074
22079
22095
22107
22171
22201
22225
22237
22272
22282
22283
22285
22331
22348
22353
22365
22445
22510
22533
22535
22564
22629
22631
22670
22742
22745
22758
22759
22766
22799
22804
22843
22849
22863
22876
22885
22943
22992
23000
23013
23031
23156
23165
23177
23197
23210
23222
23226
23263
23299
23323
23389
23461
23471
23485
23500
23538
23600
23624
23636
23646
23718
23768
23820
23842
23904
23928
23994
24006
24025
24042
24053
24055
24070
24078
24080
24088
24144
24145
24156
24208
24231
24246
24300
24347
24360
24383
24388
24434
24437
24439
24497
24498
24539
24568
24630
24648
24662
24687
24694
24734
24778
24785
24837
24889
24907
24913
24940
24950
24957
24988
25000
25012
25015
25027
25050
25065
25090
25093
25102
25103
25105
25113
25146
25234
25239
25252
25255
25264
25275
25276
25295
25296
25357
25370
25380
25430
25491
25512
25529
25540
25596
25603
25642
25644
25660
25701
25704
25782
25789
25815
25822
25836
25837
25872
25892
25912
25920
25927
25970
25974
26004
26009
26043
26047
26111
26128
26162
26171
26172
26181
26204
26220
26221
26222
26224
26247
26275
26279
26281
26365
26389
26402
26403
26445
26500
26517
26554
26574
26583
26675
26708
26745
26852
26856
26927
26972
26978
27023
27033
27040
27071
27088
27108
27142
27163
27171
27175
27178
27198
27210
27217
27262
27267
27268
27297
27376
27382
27394
27399
27401
27464
27466
27467
27492
27506
27540
27569
27584
27627
27663
27676
27725
27745
27753
27783
27784
27786
27797
27819
27834
27858
27867
27881
27883
27893
27911
27912
27930
27944
27945
27981
27984
27994
28024
28033
28045
28079
28104
28108
28121
28124
28154
28164
28185
28276
28299
28317
28331
28345
28361
28377
28472
28488
28493
28541
28549
28555
28598
28624
28638
28653
28684
28731
28777
28799
28828
28844
28850
28871
28885
28904
28918
28945
28979
29016
29020
29022
29042
29044
29070
29081
29082
29099
29119
29127
29186
29225
29235
29264
29341
29354
29367
29372
29390
29416
29425
29476
29501
29528
29534
29587
29612
29648
29740
29757
29832
29861
29916
29961
29979
29988
30013
30041
30076
30162
30187
30219
30280
30292
30297
30306
30334
30379
30443
30449
30452
30512
30542
30621
30622
30636
30644
30674
30699
30780
30783
30814
30835
30917
30940
30943
30950
30958
30977
30987
30997
31007
31044
31045
31050
31053
31067
31106
31109
31110
31128
31132
31153
31157
31214
31252
31259
31268
31287
31306
31321
31327
31361
31365
31379
31411
31422
31437
31440
31481
31488
31500
31513
31516
31522
31542
31545
31553
31567
31646
31695
31697
31749
31775
31781
31784
31787
31793
31825
31854
31873
31905
31912
31915
31923
31975
31976
31999
32000
32036
32046
32067
32134
32137
32180
32209
32226
32227
32229
32233
32247
32265
32301
32340
32400
32427
32430
32454
32491
32516
32573
32628
32653
32671
32675
32678
32738
32743
32751
32776
32782
32802
32829
32831
32854
32914
32915
32925
32947
32974
32983
32997
33014
33035
33068
33102
33105
33120
33148
33163
33174
33181
33187
33188
33199
33216
33246
33311
33312
33339
33403
33404
33406
33436
33458
33506
33547
33604
33627
33646
33787
33821
33824
33837
33882
33919
33924
33942
33962
33963
33964
33968
33972
33983
34038
34042
34135
34175
34189
34220
34226
34262
34272
34278
34299
34302
34314
34325
34343
34344
34347
34354
34355
34356
34379
34405
34429
34443
34465
34467
34478
34485
34489
34522
34525
34529
34537
34541
34542
34561
34568
34569
34612
34619
34628
34630
34646
34692
34694
34716
34718
34728
34743
34781
34836
34839
34844
34854
34894
34935
34938
34951
34962
34964
34989
35004
35007
35015
35021
35038
35050
35088
35128
35129
35150
35165
35188
35195
35222
35295
35305
35307
35311
35322
35338
35378
35433
35442
35451
35475
35482
35511
35561
35571
35625
35665
35667
35677
35680
35707
35721
35726
35731
35752
35765
35782
35784
35810
35812
35836
35917
35927
35934
35964
35994
36004
36007
36010
36043
36048
36077
36086
36088
36090
36096
36109
36164
36194
36203
36313
36350
36417
36423
36445
36448
36466
36482
36483
36532
36558
36580
36589
36597
36609
36613
36615
36617
36629
36642
36649
36664
36668
36675
36685
36691
36694
36696
36708
36727
36750
36753
36776
36816
36883
36888
36902
36949
36956
37022
37059
37090
37139
37147
37180
37275
37294
37305
37341
37417
37422
37433
37480
37515
37527
37532
37534
37573
37576
37641
37661
37677
37680
37743
37746
37805
37816
37825
37875
37883
37911
37977
38009
38014
38015
38063
38085
38103
38155
38171
38178
38180
38186
38217
38232
38238
38239
38255
38256
38264
38291
38309
38320
38341
38384
38389
38396
38398
38444
38445
38446
38461
38467
38479
38481
38489
38505
38511
38529
38534
38540
38562
38586
38617
38620
38627
38721
38728
38738
38772
38788
38798
38803
38821
38854
38882
38898
38914
38915
38943
38971
39009
39015
39020
39060
39083
39086
39104
39118
39130
39144
39150
39202
39237
39275
39300
39308
39328
39332
39337
39359
39381
39410
39443
39475
39479
39483
39540
39547
39569
39583
39586
39588
39618
39637
39653
39655
39670
39753
39795
39846
39877
39894
39901
39925
39936
39968
40008
40038
40060
40075
40078
40095
40106
40156
40186
40196
40206
40244
40247
40272
40287
40300
40379
40400
40416
40425
40428
40442
40445
40451
40473
40496
40534
40546
40551
40554
40717
40723
40800
40935
40946
41016
41033
41035
41051
41074
41089
41092
41110
41114
41127
41164
41176
41246
41276
41283
41284
41352
41357
41380
41397
41405
41466
41473
41535
41545
41561
41590
41602
41605
41608
41705
41772
41784
41884
41933
41959
41965
41978
42056
42110
42126
42318
42347
42357
42391
42423
42541
42643
42665
42710
42761
42778
42785
42886
42908
42929
42933
42945
42955
42963
42972
43072
43088
43093
43166
43205
43210
43254
43256
43282
43283
43308
43329
43344
43359
43360
43406
43437
43444
43474
43491
43492
43515
43521
43614
43619
43653
43680
43684
43688
43708
43740
43768
43804
43820
43885
43918
43946
43989
44021
44039
44041
44082
44091
44092
44113
44123
44172
44197
44232
44304
44329
44352
44368
44428
44640
44658
44675
44680
44688
44693
44846
44848
44904
44949
44952
44975
44995
45010
45011
45085
45099
45108
45109
45188
45194
45205
45231
45244
45260
45292
45316
45321
45381
45392
45416
45444
45538
45570
45573
45596
45644
45709
45721
45736
45753
45789
45792
45808
45833
45853
45898
45904
45946
45969
46009
46048
46077
46115
46163
46219
46251
46292
46418
46473
46487
46500
46502
46508
46539
46565
46570
46610
46619
46672
46675
46705
46722
46746
46836
46876
46878
46896
47078
47177
47308
47316
47349
47386
47393
47523
47561
47577
47579
47595
47613
47626
47659
47691
47692
47715
47729
47812
47930
48010
48019
48090
48128
48150
48200
48201
48206
48257
48307
48325
48329
48359
48394
48400
48405
48406
48420
48422
48445
48463
48497
48499
48536
48543
48617
48645
48655
48665
48767
48779
48789
48803
48841
48908
48920
49055
49068
49139
49154
49155
49194
49211
49234
49249
49295
49331
49333
49377
49385
49455
49460
49467
49474
49515
49551
49628
49631
49640
49650
49757
49778
49838
49921
49982
49990
50085
50112
50123
50151
50166
50206
50219
50252
50253
50289
50406
50412
50426
50457
50563
50566
50572
50640
50655
50697
50746
50751
50992
51112
51136
51142
51162
51175
51192
51252
51306
51338
51344
51398
51426
51428
51482
51496
51554
51586
51588
51595
51662
51666
51719
51766
51787
51790
51798
51872
51909
51935
52021
52042
52044
52062
52133
52157
52170
52180
52184
52191
52233
52239
52400
52411
52443
52444
52512
52531
52553
52565
52570
52583
52585
52589
52607
52621
52651
52717
52719
52762
52800
52827
52851
52897
52906
52988
53079
53104
53116
53131
53132
53216
53310
53317
53332
53349
53373
53391
53397
53408
53418
53444
53451
53461
53479
53491
53536
53551
53554
53560
53573
53587
53589
53593
53621
53648
53677
53718
53735
53743
53785
53853
53867
53896
53915
53917
53929
53944
53945
53961
53972
53997
54021
54022
54088
54101
54144
54145
54154
54171
54184
54253
54293
54309
54335
54353
54363
54414
54416
54429
54475
54516
54583
54594
54631
54659
54672
54700
54720
54780
54812
54825
54862
54865
54892
54902
54918
54930
54948
54963
55000
55023
55097
55114
55138
55203
55274
55325
55344
55355
55453
55501
55524
55529
55545
55590
55622
55624
55644
55658
55689
55706
55715
55726
55736
55753
55771
55775
55787
55789
55794
55825
55826
55832
55852
55855
55860
55896
55926
55977
55987
55995
56025
56072
56088
56113
56196
56218
56239
56271
56341
56369
56384
56405
56449
56481
56541
56586
56616
56659
56681
56703
56757
56769
56771
56778
56785
56787
56839
56843
56890
56897
56914
56923
56934
56980
57002
57033
57037
57085
57095
57113
57130
57145
57188
57190
57224
57252
57294
57357
57393
57412
57424
57429
57457
57471
57474
57478
57481
57486
57492
57500
57573
57598
57625
57649
57651
57653
57656
57665
57690
57691
57707
57718
57726
57742
57808
57828
57829
57844
57895
57934
57935
57945
57973
57980
58036
58046
58074
58077
58087
58111
58196
58204
58205
58210
58211
58256
58360
58372
58378
58433
58464
58469
58506
58508
58581
58588
58596
58598
58682
58745
58777
58779
58785
58786
58846
58920
58997
58999
59003
59018
59034
59098
59099
59101
59144
59154
59158
59172
59189
59208
59222
59251
59252
59273
59306
59328
59335
59342
59347
59427
59483
59506
59508
59578
59665
59678
59682
59686
59687
59689
59698
59723
59799
59812
59892
59922
59963
59995
60053
60106
60114
60117
60178
60195
60228
60315
60322
60339
60363
60375
60395
60415
60450
60506
60507
60520
60538
60564
60572
60676
60692
60787
60849
60857
60875
60918
60967
61027
61040
61062
61063
61106
61121
61125
61141
61142
61146
61163
61182
61200
61225
61231
61247
61290
61305
61356
61365
61381
61425
61427
61472
61479
61532
61613
61650
61666
61701
61773
61859
61892
61898
61948
61949
61980
62000
62052
62116
62149
62192
62210
62263
62286
62292
62295
62313
62323
62367
62370
62380
62401
62491
62503
62514
62532
62547
62581
62586
62622
62719
62729
62755
62782
62783
62811
62814
62824
62868
62887
62909
62913
62918
62931
62937
62947
62948
62949
62967
62970
62982
63017
63067
63118
63131
63159
63186
63217
63223
63273
63277
63292
63299
63301
63389
63392
63447
63470
63488
63501
63539
63547
63557
63591
63602
63626
63669
63845
63858
63924
64018
64019
64060
64136
64195
64268
64289
64334
64354
64359
64373
64395
64402
64485
64508
64529
64555
64563
64613
64616
64716
64719
64720
64737
64832
64868
64875
64926
64937
65056
65115
65129
65156
65254
65270
65307
65337
65338
65339
65344
65428
65444
65445
65475
65531
65618
65663
65748
65752
65815
65863
65908
65925
65926
65931
65979
65999
66024
66027
66028
66043
66054
66096
66100
66119
66124
66166
66187
66189
66207
66237
66266
66271
66279
66295
66317
66324
66331
66338
66365
66383
66384
66430
66449
66529
66535
66545
66595
66598
66672
66677
66692
66739
66743
66747
66768
66771
66784
66785
66787
66790
66795
66862
66872
66939
66976
66995
66999
67087
67095
67111
67118
67173
67179
67204
67206
67232
67251
67286
67340
67354
67359
67363
67394
67410
67426
67434
67436
67562
67616
67622
67626
67632
67659
67684
67688
67693
67709
67713
67722
67733
67760
67823
67849
67861
67866
67872
67906
67909
67917
67968
67976
67977
68032
68041
68058
68059
68067
68126
68188
68218
68297
68302
68318
68334
68338
68362
68405
68409
68421
68422
68521
68531
68543
68588
68600
68622
68657
68769
68788
68795
68818
68820
68837
68856
68871
68878
68902
68907
68910
68921
68925
68960
68992
69000
69005
69024
69036
69060
69070
69145
69156
69169
69189
69192
69215
69221
69233
69241
69292
69323
69342
69377
69533
69593
69615
69622
69633
69672
69686
69759
69777
69782
69820
69825
69842
69843
69844
69891
69980
69981
69986
70004
70023
70044
70060
70079
70099
70114
70129
70133
70134
70158
70188
70228
70231
70237
70250
70265
70275
70339
70381
70444
70454
70471
70477
70506
70546
70583
70659
70669
70702
70733
70737
70751
70771
70777
70783
70798
70870
70878
70908
70909
70921
70942
70958
70974
71015
71042
71059
71064
71110
71187
71223
71228
71242
71274
71294
71307
71320
71323
71325
71356
71374
71397
71422
71435
71445
71448
71456
71464
71490
71544
71560
71561
71604
71636
71646
71655
71667
71674
71695
71722
71766
71781
71840
71878
71919
71922
71941
71953
71978
72111
72115
72147
72150
72169
72184
72231
72239
72244
72302
72355
72406
72419
72426
72544
72572
72587
72588
72605
72616
72678
72699
72747
72767
72810
72820
72838
72860
72916
72955
72956
72966
72975
73006
73034
73122
73152
73179
73180
73217
73219
73227
73230
73288
73335
73378
73391
73424
73471
73524
73533
73534
73575
73630
73663
73669
73678
73694
73727
73729
73756
73781
73828
73844
73855
73903
73907
73955
73961
74090
74168
74179
74193
74231
74252
74293
74314
74323
74350
74364
74379
74406
74448
74474
74484
74491
74524
74545
74547
74556
74572
74586
74637
74641
74660
74714
74715
74726
74739
74791
74854
74863
74902
74921
74965
74970
74988
74997
75007
75017
75020
75032
75034
75120
75129
75142
75144
75176
75225
75315
75359
75399
75406
75433
75444
75453
75456
75570
75577
75639
75660
75691
75694
75708
75713
75715
75744
75760
75775
75785
75849
75864
75865
75897
75901
75907
75946
75961
75982
75987
75988
75998
76012
76026
76059
76066
76142
76152
76157
76161
76172
76227
76253
76270
76294
76313
76316
76334
76354
76448
76449
76462
76510
76613
76640
76659
76660
76665
76667
76671
76672
76728
76737
76795
76872
76914
76951
76968
76978
77012
77026
77027
77041
77064
77121
77127
77195
77212
77242
77302
77341
77343
77369
77414
77434
77491
77498
77500
77546
77551
77566
77569
77579
77620
77630
77633
77663
77697
77700
77705
77716
77732
77781
77798
77812
77821
77830
77841
77920
77929
77957
77987
77994
78050
78053
78065
78076
78081
78095
78119
78127
78137
78181
78190
78212
78227
78253
78285
78307
78310
78318
78319
78322
78385
78386
78411
78441
78460
78468
78473
78506
78510
78512
78514
78528
78534
78552
78560
78721
78727
78741
78757
78767
78771
78786
78797
78832
78841
78848
78872
78880
78925
78940
78987
78997
79001
79033
79038
79055
79057
79076
79085
79189
79213
79261
79283
79290
79344
79352
79437
79458
79469
79481
79484
79523
79527
79589
79592
79671
79674
79688
79708
79729
79825
79847
79850
79868
79915
79919
79974
80063
80136
80204
80216
80294
80333
80408
80503
80518
80521
80540
80579
80596
80604
80619
80630
80698
80740
80744
80755
80780
80785
80796
80825
80848
80880
80887
80890
80916
80947
81002
81019
81118
81149
81192
81203
81236
81243
81272
81275
81291
81309
81322
81352
81362
81402
81446
81458
81496
81501
81502
81538
81551
81554
81559
81597
81613
81614
81635
81636
81642
81694
81702
81725
81740
81777
81780
81783
81785
81793
81825
81828
81847
81849
81899
81938
81957
81985
81993
82021
82050
82057
82083
82084
82098
82101
82111
82153
82178
82191
82196
82258
82277
82286
82313
82318
82352
82406
82427
82436
82450
82507
82543
82555
82557
82627
82647
82669
82671
82683
82685
82691
82695
82705
82706
82716
82752
82754
82761
82767
82783
82784
82791
82808
82876
82899
82904
82911
82934
82940
82945
82953
82996
83025
83026
83091
83103
83134
83151
83191
83211
83268
83280
83300
83358
83369
83371
83393
83394
83409
83448
83468
83499
83506
83509
83523
83524
83552
83569
83582
83584
83603
83605
83624
83647
83658
83703
83717
83735
83760
83775
83833
83916
83939
83963
84059
84071
84093
84119
84141
84142
84185
84191
84257
84265
84332
84339
84346
84362
84385
84435
84440
84451
84517
84528
84542
84549
84555
84556
84578
84635
84637
84698
84708
84713
84716
84752
84757
84763
84817
84861
84865
84896
84915
84922
84935
84966
85020
85022
85033
85035
85043
85094
85148
85234
85248
85292
85324
85329
85335
85336
85347
85366
85376
85384
85386
85399
85467
85526
85599
85627
85641
85644
85685
85701
85720
85737
85750
85767
85773
85778
85811
85881
85900
85904
85992
86035
86037
86168
86197
86257
86260
86261
86329
86369
86384
86402
86405
86440
86449
86532
86533
86560
86562
86573
86588
86605
86836
86842
86846
86869
86873
86879
86893
86897
86931
86964
87112
87122
87136
87148
87193
87196
87206
87208
87221
87228
87304
87343
87346
87359
87361
87429
87433
87458
87492
87498
87510
87554
87561
87578
87583
87584
87595
87604
87625
87626
87646
87668
87674
87690
87706
87765
87774
87787
87810
87816
87818
87820
87831
87832
87873
87881
87940
87942
87956
87959
87964
87977
87990
87994
87999
88001
88004
88015
88029
88031
88035
88040
88049
88065
88074
88177
88197
88276
88287
88292
88297
88298
88317
88330
88333
88384
88386
88394
88396
88397
88401
88419
88438
88444
88446
88447
88491
88506
88522
88534
88546
88559
88573
88597
88639
88679
88691
88712
88730
88734
88759
88789
88796
88800
88802
88918
88923
88926
88933
88947
88991
89013
89018
89057
89071
89078
89086
89088
89106
89129
89158
89165
89187
89218
89249
89271
89276
89311
89324
89388
89419
89436
89439
89440
89441
89483
89491
89493
89501
89529
89550
89596
89687
89726
89727
89729
89738
89799
89804
89842
89903
89910
89915
89972
89993
90027
90085
90099
90106
90110
90113
90115
90119
90201
90281
90303
90317
90341
90371
90384
90399
90409
90416
90452
90465
90474
90508
90518
90521
90529
90579
90607
90617
90658
90667
90668
90694
90710
90711
90778
90799
90803
90824
90910
90937
90938
90942
90983
91000
91030
91036
91038
91046
91100
91124
91147
91153
91158
91162
91165
91173
91184
91193
91201
91222
91256
91277
91293
91307
91316
91366
91370
91376
91389
91419
91422
91455
91514
91537
91542
91576
91577
91583
91591
91604
91607
91624
91634
91640
91676
91716
91724
91738
91741
91867
91904
91924
91928
91929
91946
91982
92005
92006
92007
92013
92028
92034
92037
92061
92081
92124
92128
92136
92166
92210
92229
92242
92299
92383
92389
92409
92414
92416
92424
92443
92452
92469
92470
92490
92507
92522
92536
92557
92584
92587
92637
92650
92655
92776
92783
92836
92868
92889
92897
92933
93018
93021
93039
93047
93063
93077
93093
93158
93189
93268
93273
93293
93307
93353
93472
93505
93510
93522
93538
93539
93563
93626
93635
93670
93765
93793
93837
93854
93884
93927
93936
94004
94021
94022
94049
94090
94092
94117
94135
94173
94178
94196
94197
94270
94281
94294
94312
94327
94333
94407
94419
94424
94438
94466
94564
94600
94605
94654
94661
94672
94673
94676
94706
94737
94773
94774
94790
94821
94824
94826
94854
94857
94928
94930
94961
95004
95075
95108
95117
95140
95144
95166
95182
95252
95263
95289
95307
95325
95387
95392
95419
95422
95452
95474
95479
95493
95596
95659
95672
95676
95692
95704
95716
95723
95748
95760
95803
95809
95811
95824
95834
95860
95894
95948
96005
96073
96097
96101
96108
96150
96210
96215
96216
96290
96295
96338
96410
96444
96532
96538
96553
96557
96569
96580
96630
96649
96692
96722
96723
96737
96774
96787
96828
96862
96891
96909
96913
96930
96949
96980
96984
96993
97054
97055
97061
97068
97103
97172
97202
97220
97225
97231
97237
97256
97280
97281
97296
97298
97309
97322
97330
97356
97456
97476
97478
97520
97525
97570
97594
97644
97669
97672
97703
97707
97709
97715
97716
97791
97797
97798
97850
97991
97995
98057
98059
98060
98061
98088
98107
98109
98119
98136
98153
98179
98212
98216
98223
98235
98246
98265
98297
98303
98334
98360
98380
98411
98446
98447
98466
98476
98524
98528
98530
98534
98542
98553
98581
98588
98603
98604
98625
98627
98652
98662
98675
98709
98713
98729
98740
98759
98773
98788
98790
98811
98862
98909
98935
98968
98975
98988
98991
98999
99001
99002
99006
99061
99083
99093
99101
99199
99231
99244
99253
99261
99265
99284
99292
99309
99328
99336
99375
99377
99389
99439
99492
99503
99508
99521
99541
99553
99556
99567
99599
99644
99664
99690
99705
99720
99754
99755
99765
99767
99769
99857
99861
99862
99872
99884
99887
99890
99898
99910
99941
99980
100006
100048
100086
100089
100109
100113
100130
100135
100141
100158
100189
100194
100200
100213
100227
100245
100299
100304
100364
100370
100373
100383
100406
100424
100480
100493
100497
100542
100555
100599
100602
100611
100640
100662
100665
100700
100735
100804
100864
100888
100894
100908
100916
100957
101000
101018
101106
101141
101158
101177
101193
101233
101235
101270
101306
101326
101341
101342
101364
101425
101455
101476
101497
101519
101539
101553
101566
101639
101656
101664
101729
101795
101802
101845
101937
101985
102088
102132
102172
102184
102190
102199
102225
102246
102256
102305
102352
102363
102382
102447
102465
102492
102493
102519
102534
102560
102690
102726
102732
102743
102802
102829
102853
102867
102915
102927
102976
103022
103047
103058
103080
103115
103178
103180
103211
103245
103248
103290
103326
103351
103382
103524
103533
103564
103586
103608
103664
103755
103786
103817
103992
103995
103996
104002
104013
104015
104093
104175
104201
104240
104243
104252
104309
104379
104416
104428
104444
104472
104484
104506
104509
104510
104645
104649
104688
104695
104762
104770
104820
104833
104835
104876
104888
104915
104928
104931
104952
104986
104988
105015
105026
105050
105186
105197
105203
105210
105225
105230
105250
105257
105264
105296
105440
105446
105456
105469
105475
105598
105601
105622
105623
105632
105730
105780
105809
105868
105883
105934
105952
105983
105996
106027
106095
106124
106154
106200
106211
106217
106253
106290
106347
106408
106417
106447
106494
106528
106533
106565
106569
106596
106599
106616
106626
106629
106637
106645
106695
106735
106830
106832
106858
106860
106930
106993
107027
107037
107141
107161
107202
107291
107342
107353
107387
107400
107401
107404
107408
107428
107492
107500
107521
107543
107565
107581
107667
107732
107767
107848
107854
107874
107908
107912
107937
107943
107983
108017
108026
108052
108100
108120
108161
108163
108169
108205
108242
108269
108291
108304
108368
108384
108387
108433
108521
108532
108533
108607
108630
108652
108684
108714
108721
108738
108740
108802
108844
108863
108865
108892
108894
108909
108918
108943
108945
108957
109010
109016
109019
109021
109046
109054
109072
109083
109085
109113
109120
109165
109205
109243
109249
109293
109305
109320
109326
109340
109394
109420
109459
109533
109547
109562
109611
109662
109824
109852
109854
109911
109930
110145
110146
110180
110213
110244
110267
110347
110414
110426
110437
110439
110449
110451
110461
110489
110509
110581
110596
110653
110697
110721
110799
110803
110815
110871
110880
110918
110959
110967
111010
111020
111057
111088
111094
111105
111126
111154
111157
111190
111221
111232
111233
111250
111277
111293
111298
111342
111403
111421
111432
111437
111439
111440
111482
111506
111519
111523
111557
111559
111606
111646
111654
111655
111692
111702
111715
111727
111756
111773
111811
111835
111848
111851
111856
111858
111867
112004
112027
112039
112057
112132
112166
112188
112202
112234
112271
112273
112276
112284
112289
112316
112322
112325
112326
112329
112345
112399
112418
112423
112436
112465
112466
112469
112470
112484
112609
112627
112659
112690
112711
112718
112737
112785
112804
112851
112856
112857
112881
112884
112897
112987
112990
112993
112994
112999
113011
113049
113051
113060
113072
113078
113087
113150
113198
113309
113349
113378
113390
113405
113414
113420
113426
113440
113461
113506
113558
113561
113575
113577
113616
113624
113652
113704
113721
113747
113753
113809
113854
113917
113962
113965
113999
114012
114013
114036
114052
114067
114116
114118
114158
114207
114209
114211
114230
114240
114243
114272
114337
114345
114349
114440
114469
114470
114474
114490
114551
114552
114748
114777
114832
114912
114938
114978
114990
114994
114995
115006
115020
115046
115048
115073
115122
115125
115127
115130
115154
115176
115248
115254
115259
115269
115324
115367
115376
115423
115526
115580
115642
115649
115661
115671
115677
115707
115718
115743
115758
115771
115790
115798
115855
115936
115943
115993
116027
116036
116041
116105
116112
116149
116191
116203
116248
116353
116450
116530
116560
116580
116597
116606
116664
116670
116713
116731
116732
116811
116831
116884
116886
116903
116942
116958
117034
117078
117093
117143
117163
117206
117228
117239
117287
117305
117306
117311
117368
117417
117460
117501
117552
117576
117591
117643
117657
117684
117700
117705
117707
117728
117750
117763
117780
117839
117884
117921
117957
117968
117969
117987
118023
118059
118093
118095
118118
118142
118174
118202
118211
118283
120027
120155
120159
120212
120229
120411
120412
120413
120414
120415
120416
2776
4043
4050
10676
14880
15222
18586
22878
24842
29707
31366
34122
34876
37545
39314
50917
51359
51660
52843
58030
59409
62235
67546
72215
72705
74807
76661
81070
85957
90204
97015
99443
100823
104703
111966
1287
3216
8626
10935
15664
18737
19695
23114
23657
24856
25014
29775
30412
37449
37642
38940
43978
47907
48444
55499
56134
59530
63868
65505
74941
79181
81255
83304
84518
86662
89328
90320
92221
95541
98971
99566
103350
105736
111846
113320
114579
115083
117690
1036
12813
17876
21016
26375
31663
32360
36459
36907
42902
48557
53260
56612
57086
59288
60563
60929
61362
61482
61703
64094
65368
69745
76778
77029
78801
79435
92721
97960
98753
99457
107978
112516
115553
116769
2221
7838
7912
8818
8890
13205
16395
18185
21709
34352
43041
43993
47279
47444
50749
52274
53447
53649
53909
60993
61023
62486
64380
66437
66491
67299
70730
72926
74811
85424
90286
91933
94736
97513
98250
102340
104827
115732
3547
5922
9680
13154
19682
20276
22398
22585
28132
32852
33482
34284
36880
38244
42494
44536
44630
49715
53265
53732
55747
56044
59567
62135
64717
64899
66959
68574
68669
68896
71116
71282
72852
74158
76192
78056
87500
88325
89177
92792
92924
95578
96309
99088
101536
108061
1570
6908
10831
10995
12943
18629
19910
23478
23526
24846
27738
28770
29204
34600
42621
45769
47066
47248
51006
51899
53136
53137
53456
53996
55294
62855
70938
73871
75186
78309
79468
79543
82023
84066
84395
87023
87893
88433
89202
90277
91309
91793
94360
108489
111656
116825
117850
118168
334
1008
6565
6979
7253
13044
25075
31466
31739
36001
37451
37821
38986
42288
44562
46003
46575
54476
59166
66336
67290
67396
68451
68946
71127
76018
76515
79342
81227
82498
85628
87608
90619
94573
96939
104989
105587
107179
108219
112022
112668
114695
115225
116555
117203
118085
118097
505
2180
3408
10338
11875
15186
23292
27172
27642
30563
30707
33250
35103
35383
37089
37745
41182
41860
46039
46795
48828
50598
50662
52611
57009
67681
68533
69609
73751
73950
75300
75698
76969
77580
77745
80402
82315
84409
84745
92228
93962
95743
96455
97732
100127
100548
100612
105776
106664
106772
108101
108326
113098
115854
1627
4591
6203
6929
7755
7771
9552
11970
13546
15379
22610
26130
29290
29667
40500
44666
44773
45568
51103
56563
66302
71010
73548
77426
80790
81258
84281
85823
88768
90631
91374
94179
95595
98807
99504
101098
102302
102722
103686
107862
1162
1904
3690
6522
7002
16630
18472
18599
27626
27735
27863
28716
31102
31166
31337
33257
34453
41612
42192
43149
43972
48142
48535
50541
52902
60203
63195
65827
66546
68500
69018
70093
72026
78670
83790
85775
86451
86585
90683
92285
93428
95777
99459
106754
106900
116211
